0 500 0 0 650 0 0 1000 0 0 0 0 0 0 0 0 0 0 0 0
500 0 600 0 550 0 0 0 0 0 0 0 0 0 0 0 0 0 0 0
0 600 0 700 0 500 0 0 0 0 0 0 0 0 0 0 0 0 0 0
0 0 700 0 0 0 650 0 0 0 700 0 0 0 0 0 0 0 0 0
650 550 0 0 0 400 0 0 0 0 0 0 0 0 0 0 0 0 0 0
0 0 500 0 400 0 550 0 0 0 0 0 0 0 0 0 0 0 0 0
0 0 0 650 0 550 0 0 0 600 0 0 0 0 0 0 0 0 0 0
1000 0 0 0 0 0 0 0 650 0 0 600 0 0 0 0 0 0 0 0
0 0 0 0 0 0 0 650 0 400 500 0 0 0 0 0 0 0 0 0
0 0 0 0 0 0 600 0 400 0 550 0 0 0 0 0 0 1000 0 0
0 0 0 700 0 0 0 0 500 550 0 0 0 0 650 0 0 0 0 0
0 0 0 0 0 0 0 600 0 0 0 0 550 0 0 0 500 0 0 0
0 0 0 0 0 0 0 0 0 0 0 550 0 650 0 0 0 0 600 0
0 0 0 0 0 0 0 0 0 0 0 0 650 0 800 900 0 0 0 600
0 0 0 0 0 0 0 0 0 0 650 0 0 800 0 0 0 0 0 550
0 0 0 0 0 0 0 0 0 0 0 0 0 900 0 0 550 400 0 0
0 0 0 0 0 0 0 0 0 0 0 500 0 0 0 550 0 400 0 0
0 0 0 0 0 0 0 0 0 1000 0 0 0 0 0 400 400 0 650 0
0 0 0 0 0 0 0 0 0 0 0 0 600 0 0 0 0 650 0 800
0 0 0 0 0 0 0 0 0 0 0 0 0 600 550 0 0 0 800 0