PM-QPSK 28 1674 1774 1874 1992 2674
PM-QPSK 30 1856 1956 2056 2174 2856
PM-QPSK 32 2084 2184 2284 2402 3084
PM-16QAM 28 1064 1164 1264 1382 2064
PM-16QAM 30 1134 1234 1334 1452 2134
PM-16QAM 32 1216 1316 1416 1534 2216
PM-QPSK 112 1122 1222 1322 1440 2122
PM-QPSK 120 1201 1301 1401 1519 2201
PM-QPSK 128 1292 1392 1492 1610 2292
PM-8QAM 75 1011 1111 1211 1329 2011
PM-8QAM 80 1075 1175 1275 1393 2075
PM-8QAM 85 1147 1247 1347 1465 2147
PM-16QAM 56 920 1020 1120 1238 1920
PM-16QAM 60 972 1072 1172 1290 1972
PM-16QAM 64 1031 1131 1231 1349 2031
PM-32QAM 45 844 944 1044 1162 1844
PM-32QAM 48 888 988 1088 1206 1888
PM-32QAM 51 937 1037 1137 1255 1937
PM-64QAM 37 765 865 965 1083 1765
PM-64QAM 40 801 901 1001 1119 1801
PM-64QAM 43 840 940 1040 1158 1840
PM-32QAM 112 724 824 924 1042 1724
PM-32QAM 120 756 856 956 1074 1756
PM-32QAM 128 791 891 991 1109 1791
PM-64QAM 93 665 765 865 983 1665
PM-64QAM 105 692 792 892 1010 1692
PM-64QAM 117 722 822 922 1040 1722